[assist/metadata]
version = 9.0.0
modtime = 1658046844.385628000

[assist/ui]
version = 9.0.0
modtime = 1658048362.702430000

[assist/updates]
version = 9.0.0
modtime = 1658048605.381247000

[assist/supervisor]
version = 9.0.0
modtime = 1658048605.392293000
